225
235
68
198
209
77
19
87
70
101
228
100
202
140
243
200
192
50
222
136
169
85
206
218
242
123
237
19
158
68
181
74
187
104
4
11
66
255
120
112
4
96
74
105
31
214
42
173
212
181
194
9
18
63
13
190
190
219
189
42
135
53
14
11
226
59
233
196
197
165
130
8
50
240
127
197
115
81
8
32
152
166
102
208
217
163
100
65
11
138
105
131
172
81
249
212
110
191
70
129
249
151
195
95
67
83
191
63
200
161
52
101
124
226
40
156
152
150
221
146
137
129
83
27
25
241
139
63
49
217
165
77
245
221
66
68
66
51
25
161
235
160
186
58
176
15
137
212
174
116
103
155
0
100
179
38
127
203
30
72
41
39
182
99
171
92
77
113
171
137
20
32
46
95
211
189
94
136
49
96
187
205
43
116
8
238
49
16
160
98
64
143
161
1
148
173
29
104
132
90
204
38
114
243
71
63
22
177
252
164
206
76
79
40
83
119
197
75
30
171
55
0
229
15
159
143
187
115
243
236
157
50
10
100
232
62
78
224
122
144
59
18
223
134
213
94
120
131
230
186
235
91
2
45
46
222
128
108
162
19
114
121
152
222
4
207
194
177
223
195
186
181
220
6
226
36
234
98
224
46
126
145
221
112
167
0
148
230
198
9
247
169
65
62
1
144
87
236
64
169
