67
47
0
192
233
154
71
246
112
73
223
93
5
54
96
211
244
125
141
142
107
49
34
245
50
78
49
145
189
3
118
180
188
166
21
224
185
155
140
195
228
224
61
255
35
167
41
239
4
42
73
63
163
151
173
114
226
20
10
78
66
169
243
102
199
131
31
85
121
182
4
78
99
129
142
143
236
252
155
152
170
240
211
171
152
115
100
234
67
162
216
195
243
213
62
94
254
203
19
223
130
103
146
243
213
220
151
205
227
74
56
251
160
216
155
18
165
108
13
177
209
57
84
16
240
48
147
246
205
139
190
223
160
240
17
123
116
82
40
97
231
135
254
140
94
74
127
10
96
4
167
161
8
3
86
196
14
192
128
106
227
192
150
66
9
249
208
27
0
61
236
57
224
210
166
96
6
175
244
104
191
170
172
174
60
62
39
110
171
87
183
153
38
126
117
202
74
11
224
105
130
144
233
81
254
246
99
13
32
34
162
44
166
179
33
207
153
167
60
193
114
98
203
21
102
54
87
158
56
182
224
233
36
218
43
106
138
114
110
28
203
11
27
95
157
213
167
21
81
232
37
145
135
45
26
100
225
159
55
32
20
120
151
147
158
211
26
6
12
76
148
195
61
61
87
246
72
66
236
149
38
30
237
39
185
77
181
31
115
228
192
137
2
195
55
87
125
75
143
251
30
112
69
42
28
182
200
89
181
3
49
25
220
206
32
91
112
245
241
225
121
238
35
94
62
151
124
19
204
95
209
214
112
249
100
250
36
204
252
176
33
24
230
117
75
155
58
152
26
103
234
234
21
200
254
92
232
154
3
104
16
231
36
122
136
115
149
60
14
0
239
206
205
120
232
144
60
196
115
39
181
59
63
117
212
124
253
29
21
81
121
151
250
8
161
123
235
168
87
115
31
250
126
187
54
211
234
181
93
63
2
172
93
239
187
93
121
252
138
150
46
143
233
138
229
240
205
65
92
92
95
160
76
81
98
181
240
255
78
228
93
221
112
90
46
135
44
128
123
113
131
31
220
222
5
239
136
240
2
26
148
53
233
135
25
192
204
230
166
178
60
119
148
161
175
254
161
162
152
125
131
74
214
248
146
64
33
129
244
165
159
183
227
77
213
187
141
223
184
184
186
45
100
15
31
178
52
255
246
120
23
253
179
104
247
173
154
97
201
219
64
73
138
213
247
21
193
209
138
168
243
138
139
117
97
152
64
141
15
219
209
7
218
120
82
174
67
4
187
6
98
134
201
221
130
154
69
11
75
200
241
68
190
209
191
140
161
116
176
103
136
82
85
105
235
245
27
192
72
237
153
52
247
235
32
19
70
21
32
1
35
187
254
56
177
242
197
135
142
186
120
95
91
26
86
174
60
171
139
74
132
227
252
186
138
173
95
224
206
33
62
57
145
89
219
33
227
156
182
234
86
118
4
253
64
153
200
249
176
223
106
127
55
84
167
136
162
243
141
46
26
1
55
40
209
227
185
82
108
193
125
163
169
163
23
112
82
49
104
7
255
241
76
173
152
21
73
34
148
126
52
63
95
60
24
56
158
45
97
104
124
198
212
102
3
94
59
249
194
105
40
237
116
34
253
204
229
245
105
55
96
100
150
183
142
146
203
207
100
90
221
117
151
20
48
16
159
154
198
246
193
20
125
87
63
70
13
48
193
191
45
90
43
201
5
196
113
173
47
144
146
163
67
34
112
214
10
248
76
92
127
73
221
36
83
203
195
96
168
100
13
142
96
174
219
83
97
253
132
66
86
50
173
221
151
65
37
187
131
203
138
14
25
141
39
174
195
241
94
46
41
226
96
250
107
252
221
238
21
60
227
74
13
44
112
248
170
86
234
248
246
122
26
248
4
193
195
181
38
207
11
129
168
168
91
216
29
189
103
161
39
2
69
223
10
97
169
65
94
31
174
48
32
19
37
88
205
236
203
160
104
174
213
27
160
15
245
46
38
87
186
91
234
71
11
120
86
38
74
81
109
207
72
47
112
17
242
35
239
222
79
250
151
18
193
80
33
138
198
81
17
235
243
115
13
192
56
55
161
65
246
135
45
235
217
57
53
215
148
250
231
29
35
186
21
39
101
149
186
162
104
11
219
179
174
57
77
9
11
188
129
168
10
244
30
228
214
39
211
139
133
153
191
172
101
194
247
12
73
163
30
236
246
131
34
9
183
190
229
1
17
118
158
63
135
166
42
219
214
37
230
207
132
84
206
173
220
112
8
31
24
76
57
188
162
1
247
219
114
103
89
210
129
73
116
92
255
126
75
10
166
108
65
88
150
94
79
115
103
65
143
186
167
151
81
92
240
56
160
176
154
172
181
39
228
228
213
160
191
207
134
24
58
245
195
93
194
47
219
254
245
49
155
165
155
141
22
91
20
47
43
143
19
8
24
159
233
226
21
97
15
73
171
37
120
19
16
108
170
219
11
226
60
239
254
187
177
74
45
45
251
69
237
172
176
151
204
117
201
220
37
241
137
223
54
44
114
126
195
240
235
253
85
243
218
19
160
176
93
194
ITER_MAX : 
1
8
201
57
98
69
217
25
130
223
27
ITER_MAX : 
1
