110
231
22
122
246
253
138
247
223
189
50
146
39
59
125
125
4
246
82
227
143
196
202
190
250
62
211
90
126
253
26
46
2
27
183
29
243
48
179
6
148
17
112
75
148
95
124
190
171
59
72
242
71
28
43
153
144
232
151
29
154
184
147
163
159
10
7
208
239
38
163
4
182
21
178
18
8
106
61
101
11
25
89
232
240
24
56
47
142
245
138
184
16
45
8
245
230
213
241
154
220
79
62
14
25
194
142
96
105
97
243
145
202
29
208
127
207
101
253
49
16
14
243
184
102
52
245
161
58
158
112
14
147
95
137
178
78
7
217
58
98
144
56
86
147
199
43
96
17
91
124
253
226
152
252
112
199
126
241
215
220
236
30
194
220
91
205
180
